978
972
998
992
981
974
960
957
994
990
956
953
982
980
993
988
982
977
961
958
967
964
961
959
965
961
982
975
965
962
958
957
994
988
960
957
973
968
952
947
974
968
970
965
988
981
991
987
961
959
992
984
971
968
953
949
973
969
964
960
958
952
992
989
997
991
996
988
950
947
961
957
982
977
959
957
959
954
959
955
998
989
980
973
951
948
958
954
968
967
986
980
977
971
970
965
952
950
968
967
953
952
993
990
954
948
965
963
963
962
954
952
964
960
962
961
973
971
972
968
960
956
977
972
991
985
954
951
991
985
972
967
965
962
979
975
972
968
983
961
980
958
970
958
974
973
984
980
956
954
963
962
995
986
971
966
958
955
952
947
951
946
987
982
958
955
989
981
955
957
961
958
951
950
956
952
966
962
990
985
967
961
998
992
953
950
997
986
966
960
950
947
974
971
967
960
963
958
971
965
971
965
961
956
972
966
971
965
976
970
976
970
989
985
991
986
986
980
986
980
985
979
986
979
974
971
968
960
988
982
988
982
988
982
989
983
989
983
977
971
975
968
975
968
974
968
975
968
994
987
972
968
976
969
978
972
959
953
977
970
961
955
966
960
975
969
994
988
995
989
960
955
959
953
962
958
976
969
955
952
965
960
971
969
966
962
981
976
981
968
965
976
973
957
952
976
970
981
975
962
953
977
972
968
962
993
982
972
969
984
977
974
968
1001
995
980
974
961
958
949
948
951
947
984
976
966
959
954
950
965
962
1003
990
974
969
990
982
962
957
995
986
991
982
956
952
985
979
979
973
957
949
964
960
964
962
953
947
974
970
995
989
972
970
970
972
972
969
967
964
953
950
956
952
978
974
969
968
950
949
962
960
966
961
986
982
959
956
988
983
957
956
962
956
982
977
967
965
967
968
959
956
962
957
985
982
988
982
966
962
974
969
967
964
955
953
991
985
965
961
982
978
995
988
960
955
966
960
962
957
974
970
960
954
1003
994
964
961
998
990
950
948
976
974
978
970
978
975
953
951
951
948
978
968
961
955
968
961
995
988
960
958
955
950
974
967
999
992
971
966
958
954
978
972
951
949
957
954
976
974
973
971
973
969
974
971
957
950
993
988
973
964
963
960
954
950
965
963
987
984
964
957
968
962
969
962
952
948
945
948
976
975
990
984
959
953
962
957
974
966
966
961
966
961
975
968
999
990
957
955
957
954
995
991
986
981
991
985
954
948
964
957
977
974
964
960
971
965
962
957
991
986
983
975
948
948
985
981
958
955
989
980
968
962
970
966
990
982
974
964
950
948
956
951
954
949
989
986
989
981
969
961
987
982
950
947
954
949
971
965
958
957
957
956
985
980
969
963
970
966
996
989
980
973
958
955
981
976
982
978
999
991
993
987
964
960
970
966
954
950
970
967
968
965
959
954
957
953
988
982
969
965
957
953
981
973
961
952
971
964
961
962
964
955
949
948
968
965
963
959
983
974
960
954
949
949
950
949
973
970
960
956
957
954
959
957
977
971
975
969
1001
994
1001
994
967
964
999
995
976
975
964
966
989
979
967
960
979
975
977
973
969
963
970
963
994
992
973
965
987
983
962
959
972
970
957
953
968
966
998
992
976
972
969
965
968
961
980
973
996
988
991
982
960
957
997
988
978
969
958
954
967
965
952
949
982
984
979
972
966
963
963
959
962
958
974
968
960
956
956
954
989
981
971
962
989
985
976
973
962
956
967
962
975
971
962
957
967
958
958
950
974
967
999
991
955
949
990
985
951
949
963
961
971
969
962
961
988
983
971
963
968
967
980
974
975
970
955
952
955
956
951
969
963
963
962
966
961
974
965
956
954
965
959
975
971
952
951
987
983
954
949
987
985
970
966
985
979
977
975
953
948
956
952
955
948
976
974
977
969
976
970
952
971
967
986
980
979
974
990
986
958
955
960
955
1003
995
962
955
983
976
960
954
951
992
985
959
955
968
963
969
962
956
948
997
992
971
966
966
963
966
961
973
970
967
961
961
957
971
969
989
982
973
965
1004
994
999
988
986
975
964
957
987
978
967
960
993
988
1001
993
969
963
957
953
1003
995
973
969
1000
996
954
955
984
980
965
961
957
956
960
955
1000
991
954
950
957
955
962
955
954
950
973
970
996
991
1002
995
959
953
978
973
992
988
969
960
981
975
990
989
979
971
960
955
974
967
971
966
1000
995
1002
994
966
958
978
969
975
970
984
975
975
967
961
959
955
952
970
965
959
954
978
970
1007
995
983
977
976
970
980
977
977
973
955
952
987
978
967
961
977
972
966
963
996
991
977
974
972
968
961
958
989
984
958
954
977
974
983
979
969
966
985
979
960
954
968
967
976
974
989
985
947
946
990
985
972
968
969
966
980
978
965
959
954
949
967
963
989
985
957
948
959
954
973
969
1002
993
965
962
971
968
964
966
979
979
967
968
982
979
965
960
965
960
959
953
977
970
968
959
972
964
989
982
973
968
984
976
994
988
956
949
959
956
981
977
969
963
984
979
996
992
974
969
965
960
1002
994
963
963
968
963
987
982
993
988
982
976
984
978
969
963
995
989
987
981
982
978
961
959
984
982
970
968
977
971
974
970
964
959
964
961
956
953
956
955
961
958
967
963
953
950
961
960
985
978
959
954
961
957
978
974
998
993
954
952
952
950
988
984
955
951
975
971
988
983
960
957
969
966
975
969
969
966
955
953
958
952
962
959
964
957
991
983
964
958
957
953
983
976
974
970
997
992
985
981
956
951
968
962
974
969
957
952
995
989
968
967
968
966
958
957
976
970
968
964
955
954
961
960
959
958
969
967
981
973
996
989
996
992
995
994
963
961
983
981
974
974
977
972
962
957
955
954
970
970
976
972
975
971
961
965
964
978
973
976
973
978
973
972
967
963
960
968
966
952
951
965
963
951
947
968
964
968
967
986
978
984
981
955
952
972
971
986
978
953
951
972
965
960
955
967
964
958
954
973
969
977
972
957
950
981
977
964
959
985
976
962
959
979
977
965
964
972
966
974
969
987
981
965
961
963
960
969
964
970
968
954
951
963
958
970
966
965
961
998
992
968
965
960
959
972
970
974
972
973
973
974
972
993
987
957
953
973
972
976
971
998
993
958
955
964
960
962
958
983
977
952
953
973
973
966
963
991
985
970
966
978
978
954
951
969
969
954
953
969
967
965
961
956
956
965
961
955
955
995
989
994
989
956
953
1000
993
962
960
970
966
972
968
1001
995
963
958
975
960
953
976
970
960
958
971
966
981
974
957
954
986
981
977
977
982
978
948
947
992
983
967
963
970
966
971
969
972
966
991
986
967
962
970
968
957
953
960
956
964
956
959
956
987
980
968
964
998
992
977
970
971
962
957
951
987
981
967
963
980
972
972
963
977
972
963
957
964
961
959
956
977
971
972
967
962
960
969
961
956
952
969
961
980
975
967
959
969
962
972
967
970
963
968
966
989
982
960
954
960
954
955
953
968
962
964
958
1003
993
961
954
966
962
973
966
971
965
998
988
953
949
993
985
954
952
970
966
977
973
972
966
968
961
984
976
960
955
974
966
965
961
973
969
965
958
970
965
994
986
979
972
975
969
955
949
957
954
977
969
986
980
999
991
999
995
959
953
958
955
987
982
952
947
972
968
994
987
973
963
966
961
971
967
965
962
991
986
981
975
961
960
971
963
968
965
975
969
979
975
956
950
1001
996
977
972
966
962
962
960
960
955
950
947
963
958
955
951
989
978
1001
993
984
975
978
972
985
975
966
963
1004
995
972
968
985
977
969
962
974
968
982
975
961
952
981
973
950
949
966
959
967
968
979
976
963
958
996
988
974
970
975
967
983
981
968
961
977
972
968
964
952
947
987
981
953
949
957
955
981
976
966
959
960
952
993
987
963
960
968
964
974
974
979
973
978
973
952
949
949
947
970
966
960
959
971
970
963
960
966
962
988
984
972
966
973
969
950
947
959
954
980
974
990
985
973
967
984
976
977
974
955
953
972
969
952
949
982
980
979
975
959
954
957
952
995
987
957
953
977
975
963
960
960
956
980
976
950
949
974
970
989
985
998
995
956
953
967
964
979
975
961
960
991
987
971
967
975
971
967
965
969
967
991
985
953
951
968
961
950
946
948
946
966
962
972
969
958
957
977
971
957
954
969
961
956
954
990
984
961
955
999
993
973
969
961
956
966
961
973
969
971
967
959
957
951
948
1005
996
999
992
964
957
977
974
954
950
967
960
976
973
976
971
953
950
976
972
976
974
970
965
987
982
958
951
975
973
959
960
961
958
953
950
956
949
951
949
972
968
954
950
961
960
949
947
960
952
962
961
974
969
974
970
990
987
948
949
990
986
1002
995
982
975
961
957
979
979
973
967
950
949
961
958
969
967
958
956
955
952
992
989
951
949
949
948
971
967
950
948
974
967
958
955
969
966
950
950
958
958
972
966
970
967
964
963
959
957
982
976
960
958
954
951
972
969
984
981
996
994
996
991
966
962
993
984
976
975
979
976
952
949
962
959
969
966
970
966
960
960
960
959
982
978
960
957
978
975
970
968
991
983
967
966
951
951
957
953
967
964
954
949
951
948
954
951
970
967
964
962
976
973
961
960
956
951
974
971
974
970
972
967
982
979
954
949
954
951
966
961
982
975
967
963
960
957
957
956
967
967
990
986
956
949
949
951
972
970
963
962
968
965
959
958
954
954
955
953
982
977
957
956
967
963
961
953
980
975
955
953
958
955
975
970
965
965
960
956
957
957
962
958
956
954
968
965
963
958
959
956
983
982
958
956
982
982
971
965
980
980
956
954
980
978
988
984
962
955
974
969
992
984
958
956
981
978
957
950
963
958
962
960
960
957
954
952
962
960
989
986
981
973
949
949
949
947
962
959
988
983
948
947
971
967
963
958
959
954
956
954
959
956
963
958
950
946
961
958
968
962
997
990
983
979
993
985
964
959
958
956
987
981
976
974
957
949
958
954
981
980
974
970
959
958
959
957
963
960
988
985
991
989
960
956
954
953
966
955
991
963
991
963
1272
1186
915
1228
1190
926
1188
922
1232
1190
926
1229
1232
1189
922
1272
1186
915
1228
1190
926
1188
922
1232
1190
926
1229
1232
1189
922
1231
1192
927
799
800
819
1062
799
1213
1022
929
1005
943
1144
1192
799
1272
1186
915
1228
1190
926
1188
922
1232
1190
926
1229
1232
1189
922
1231
1192
927
799
800
819
1062
799
1213
1022
929
1005
943
1144
1192
1186
1089
1153
1096
1143
1124
911
1138
1131
1290
1259
1028
1006
1021
1005
1148
1191
1142
889
882
881
881
1058
1059
1058
1030
1060
1062
1061
1061
1141
1172
1148
1171
1146
1142
1145
1144
1022
1022
929
814
880
910
890
1052
1017
969
941
1030
996
1098
924
914
1016
933
924
929
920
1024
933
924
1016
1021
928
920
1017
934
925
1022
952
1089
937
1169
1182
1037
1016
856
854
1021
1003
1213
1096
1080
937
931
1006
997
1069
929
1005
943
825
1167
1174
1026
1006
870
865
1026
1005
1147
1170
1022
998
877
873
1026
1002
1145
1191
1045
1013
879
872
1029
1001
1095
916
1016
930
1171
1208
1059
1025
885
882
1038
1008
1179
1182
1028
1012
862
852
1012
999
1170
1179
1027
1009
863
861
1022
1006
1164
1183
1019
1004
865
863
1017
1004
1160
1179
1021
1002
865
861
1028
1010
1099
916
911
1013
940
1074
923
922
1005
938
934
1088
946
996
945
1156
1171
1037
1006
865
863
1031
1002
1176
1169
1022
1006
873
876
1018
1004
1149
1189
1037
1014
898
892
1024
1003
1162
1178
1032
1007
863
862
1030
1005
1143
1069
1070
890
876
1041
1008
1176
1168
1022
1003
873
874
1019
1001
1169
1168
1025
1010
869
870
1008
996
1177
1176
1022
1008
862
865
1021
1007
1097
915
1006
944
941
1008
938
857
1095
893
1029
929
1007
910
1026
923
1010
1004
937
1003
938
952
952
952
952
952
1022
1022
937
937
929
929
929
1003
814
880
910
890
1052
1017
969
941
1030
996
1098
924
914
1016
933
924
929
920
1024
933
924
1016
1021
928
920
1017
934
925
1022
952
1089
937
1169
1182
1037
1016
856
854
1021
1003
1213
1096
1080
937
931
1006
997
1069
929
1005
943
825
1167
1174
1026
1006
870
865
1026
1005
1147
1170
1022
998
877
873
1026
1002
1145
1191
1045
1013
879
872
1029
1001
1095
916
1016
930
1171
1208
1059
1025
885
882
1038
1008
1179
1182
1028
1012
862
852
1012
999
1170
1179
1027
1009
863
861
1022
1006
1164
1183
1019
1004
865
863
1017
1004
1160
1179
1021
1002
865
861
1028
1010
1099
916
911
1013
940
1074
923
922
1005
938
934
1088
946
996
945
1156
1171
1037
1006
865
863
1031
1002
1176
1169
1022
1006
873
876
1018
1004
1149
1189
1037
1014
898
892
1024
1003
1162
1178
1032
1007
863
862
1030
1005
1143
1069
1070
890
876
1041
1008
1176
1168
1022
1003
873
874
1019
1001
1169
1168
1025
1010
869
870
1008
996
1177
1176
1022
1008
862
865
1021
1007
1097
915
1006
944
941
1008
938
857
1095
893
1029
929
1007
910
1026
923
1010
1004
937
1003
938
1003
1003
1003
934
925
934
925
934
925
934
925
934
925
870
865
1026
1005
1091
1102
1091
1102
1091
1102
993
999
993
999
993
999
993
999
993
999
1165
1194
1030
1033
884
888
1165
1194
1030
1033
884
888
999
1002
